861             800          
0.000000      0.000000      0.000000       
0.000000      1.000000      0.020000       
0.000000      2.000000      0.040000       
0.000000      3.000000      0.060000       
0.000000      4.000000      0.080000       
0.000000      5.000000      0.100000       
0.000000      6.000000      0.120000       
0.000000      7.000000      0.140000       
0.000000      8.000000      0.160000       
0.000000      9.000000      0.180000       
0.000000      10.000000     0.200000       
0.000000      11.000000     0.220000       
0.000000      12.000000     0.240000       
0.000000      13.000000     0.260000       
0.000000      14.000000     0.280000       
0.000000      15.000000     0.300000       
0.000000      16.000000     0.320000       
0.000000      17.000000     0.340000       
0.000000      18.000000     0.360000       
0.000000      19.000000     0.380000       
0.000000      20.000000     0.400000       
0.000000      21.000000     0.420000       
0.000000      22.000000     0.440000       
0.000000      23.000000     0.460000       
0.000000      24.000000     0.480000       
0.000000      25.000000     0.500000       
0.000000      26.000000     0.520000       
0.000000      27.000000     0.540000       
0.000000      28.000000     0.560000       
0.000000      29.000000     0.580000       
0.000000      30.000000     0.600000       
0.000000      31.000000     0.620000       
0.000000      32.000000     0.640000       
0.000000      33.000000     0.660000       
0.000000      34.000000     0.680000       
0.000000      35.000000     0.700000       
0.000000      36.000000     0.720000       
0.000000      37.000000     0.740000       
0.000000      38.000000     0.760000       
0.000000      39.000000     0.780000       
0.000000      40.000000     0.800000       
1.000000      0.000000      0.000000       
1.000000      1.000000      0.020000       
1.000000      2.000000      0.040000       
1.000000      3.000000      0.060000       
1.000000      4.000000      0.080000       
1.000000      5.000000      0.100000       
1.000000      6.000000      0.120000       
1.000000      7.000000      0.140000       
1.000000      8.000000      0.160000       
1.000000      9.000000      0.180000       
1.000000      10.000000     0.200000       
1.000000      11.000000     0.220000       
1.000000      12.000000     0.240000       
1.000000      13.000000     0.260000       
1.000000      14.000000     0.280000       
1.000000      15.000000     0.300000       
1.000000      16.000000     0.320000       
1.000000      17.000000     0.340000       
1.000000      18.000000     0.360000       
1.000000      19.000000     0.380000       
1.000000      20.000000     0.400000       
1.000000      21.000000     0.420000       
1.000000      22.000000     0.440000       
1.000000      23.000000     0.460000       
1.000000      24.000000     0.480000       
1.000000      25.000000     0.500000       
1.000000      26.000000     0.520000       
1.000000      27.000000     0.540000       
1.000000      28.000000     0.560000       
1.000000      29.000000     0.580000       
1.000000      30.000000     0.600000       
1.000000      31.000000     0.620000       
1.000000      32.000000     0.640000       
1.000000      33.000000     0.660000       
1.000000      34.000000     0.680000       
1.000000      35.000000     0.700000       
1.000000      36.000000     0.720000       
1.000000      37.000000     0.740000       
1.000000      38.000000     0.760000       
1.000000      39.000000     0.780000       
1.000000      40.000000     0.800000       
2.000000      0.000000      0.000000       
2.000000      1.000000      0.020000       
2.000000      2.000000      0.040000       
2.000000      3.000000      0.060000       
2.000000      4.000000      0.080000       
2.000000      5.000000      0.100000       
2.000000      6.000000      0.120000       
2.000000      7.000000      0.140000       
2.000000      8.000000      0.160000       
2.000000      9.000000      0.180000       
2.000000      10.000000     0.200000       
2.000000      11.000000     0.220000       
2.000000      12.000000     0.240000       
2.000000      13.000000     0.260000       
2.000000      14.000000     0.280000       
2.000000      15.000000     0.300000       
2.000000      16.000000     0.320000       
2.000000      17.000000     0.340000       
2.000000      18.000000     0.360000       
2.000000      19.000000     0.380000       
2.000000      20.000000     0.400000       
2.000000      21.000000     0.420000       
2.000000      22.000000     0.440000       
2.000000      23.000000     0.460000       
2.000000      24.000000     0.480000       
2.000000      25.000000     0.500000       
2.000000      26.000000     0.520000       
2.000000      27.000000     0.540000       
2.000000      28.000000     0.560000       
2.000000      29.000000     0.580000       
2.000000      30.000000     0.600000       
2.000000      31.000000     0.620000       
2.000000      32.000000     0.640000       
2.000000      33.000000     0.660000       
2.000000      34.000000     0.680000       
2.000000      35.000000     0.700000       
2.000000      36.000000     0.720000       
2.000000      37.000000     0.740000       
2.000000      38.000000     0.760000       
2.000000      39.000000     0.780000       
2.000000      40.000000     0.800000       
3.000000      0.000000      0.000000       
3.000000      1.000000      0.020000       
3.000000      2.000000      0.040000       
3.000000      3.000000      0.060000       
3.000000      4.000000      0.080000       
3.000000      5.000000      0.100000       
3.000000      6.000000      0.120000       
3.000000      7.000000      0.140000       
3.000000      8.000000      0.160000       
3.000000      9.000000      0.180000       
3.000000      10.000000     0.200000       
3.000000      11.000000     0.220000       
3.000000      12.000000     0.240000       
3.000000      13.000000     0.260000       
3.000000      14.000000     0.280000       
3.000000      15.000000     0.300000       
3.000000      16.000000     0.320000       
3.000000      17.000000     0.340000       
3.000000      18.000000     0.360000       
3.000000      19.000000     0.380000       
3.000000      20.000000     0.400000       
3.000000      21.000000     0.420000       
3.000000      22.000000     0.440000       
3.000000      23.000000     0.460000       
3.000000      24.000000     0.480000       
3.000000      25.000000     0.500000       
3.000000      26.000000     0.520000       
3.000000      27.000000     0.540000       
3.000000      28.000000     0.560000       
3.000000      29.000000     0.580000       
3.000000      30.000000     0.600000       
3.000000      31.000000     0.620000       
3.000000      32.000000     0.640000       
3.000000      33.000000     0.660000       
3.000000      34.000000     0.680000       
3.000000      35.000000     0.700000       
3.000000      36.000000     0.720000       
3.000000      37.000000     0.740000       
3.000000      38.000000     0.760000       
3.000000      39.000000     0.780000       
3.000000      40.000000     0.800000       
4.000000      0.000000      0.000000       
4.000000      1.000000      0.020000       
4.000000      2.000000      0.040000       
4.000000      3.000000      0.060000       
4.000000      4.000000      0.080000       
4.000000      5.000000      0.100000       
4.000000      6.000000      0.120000       
4.000000      7.000000      0.140000       
4.000000      8.000000      0.160000       
4.000000      9.000000      0.180000       
4.000000      10.000000     0.200000       
4.000000      11.000000     0.220000       
4.000000      12.000000     0.240000       
4.000000      13.000000     0.260000       
4.000000      14.000000     0.280000       
4.000000      15.000000     0.300000       
4.000000      16.000000     0.320000       
4.000000      17.000000     0.340000       
4.000000      18.000000     0.360000       
4.000000      19.000000     0.380000       
4.000000      20.000000     0.400000       
4.000000      21.000000     0.420000       
4.000000      22.000000     0.440000       
4.000000      23.000000     0.460000       
4.000000      24.000000     0.480000       
4.000000      25.000000     0.500000       
4.000000      26.000000     0.520000       
4.000000      27.000000     0.540000       
4.000000      28.000000     0.560000       
4.000000      29.000000     0.580000       
4.000000      30.000000     0.600000       
4.000000      31.000000     0.620000       
4.000000      32.000000     0.640000       
4.000000      33.000000     0.660000       
4.000000      34.000000     0.680000       
4.000000      35.000000     0.700000       
4.000000      36.000000     0.720000       
4.000000      37.000000     0.740000       
4.000000      38.000000     0.760000       
4.000000      39.000000     0.780000       
4.000000      40.000000     0.800000       
5.000000      0.000000      0.000000       
5.000000      1.000000      0.020000       
5.000000      2.000000      0.040000       
5.000000      3.000000      0.060000       
5.000000      4.000000      0.080000       
5.000000      5.000000      0.100000       
5.000000      6.000000      0.120000       
5.000000      7.000000      0.140000       
5.000000      8.000000      0.160000       
5.000000      9.000000      0.180000       
5.000000      10.000000     0.200000       
5.000000      11.000000     0.220000       
5.000000      12.000000     0.240000       
5.000000      13.000000     0.260000       
5.000000      14.000000     0.280000       
5.000000      15.000000     0.300000       
5.000000      16.000000     0.320000       
5.000000      17.000000     0.340000       
5.000000      18.000000     0.360000       
5.000000      19.000000     0.380000       
5.000000      20.000000     0.400000       
5.000000      21.000000     0.420000       
5.000000      22.000000     0.440000       
5.000000      23.000000     0.460000       
5.000000      24.000000     0.480000       
5.000000      25.000000     0.500000       
5.000000      26.000000     0.520000       
5.000000      27.000000     0.540000       
5.000000      28.000000     0.560000       
5.000000      29.000000     0.580000       
5.000000      30.000000     0.600000       
5.000000      31.000000     0.620000       
5.000000      32.000000     0.640000       
5.000000      33.000000     0.660000       
5.000000      34.000000     0.680000       
5.000000      35.000000     0.700000       
5.000000      36.000000     0.720000       
5.000000      37.000000     0.740000       
5.000000      38.000000     0.760000       
5.000000      39.000000     0.780000       
5.000000      40.000000     0.800000       
6.000000      0.000000      0.000000       
6.000000      1.000000      0.020000       
6.000000      2.000000      0.040000       
6.000000      3.000000      0.060000       
6.000000      4.000000      0.080000       
6.000000      5.000000      0.100000       
6.000000      6.000000      0.120000       
6.000000      7.000000      0.140000       
6.000000      8.000000      0.160000       
6.000000      9.000000      0.180000       
6.000000      10.000000     0.200000       
6.000000      11.000000     0.220000       
6.000000      12.000000     0.240000       
6.000000      13.000000     0.260000       
6.000000      14.000000     0.280000       
6.000000      15.000000     0.300000       
6.000000      16.000000     0.320000       
6.000000      17.000000     0.340000       
6.000000      18.000000     0.360000       
6.000000      19.000000     0.380000       
6.000000      20.000000     0.400000       
6.000000      21.000000     0.420000       
6.000000      22.000000     0.440000       
6.000000      23.000000     0.460000       
6.000000      24.000000     0.480000       
6.000000      25.000000     0.500000       
6.000000      26.000000     0.520000       
6.000000      27.000000     0.540000       
6.000000      28.000000     0.560000       
6.000000      29.000000     0.580000       
6.000000      30.000000     0.600000       
6.000000      31.000000     0.620000       
6.000000      32.000000     0.640000       
6.000000      33.000000     0.660000       
6.000000      34.000000     0.680000       
6.000000      35.000000     0.700000       
6.000000      36.000000     0.720000       
6.000000      37.000000     0.740000       
6.000000      38.000000     0.760000       
6.000000      39.000000     0.780000       
6.000000      40.000000     0.800000       
7.000000      0.000000      0.000000       
7.000000      1.000000      0.020000       
7.000000      2.000000      0.040000       
7.000000      3.000000      0.060000       
7.000000      4.000000      0.080000       
7.000000      5.000000      0.100000       
7.000000      6.000000      0.120000       
7.000000      7.000000      0.140000       
7.000000      8.000000      0.160000       
7.000000      9.000000      0.180000       
7.000000      10.000000     0.200000       
7.000000      11.000000     0.220000       
7.000000      12.000000     0.240000       
7.000000      13.000000     0.260000       
7.000000      14.000000     0.280000       
7.000000      15.000000     0.300000       
7.000000      16.000000     0.320000       
7.000000      17.000000     0.340000       
7.000000      18.000000     0.360000       
7.000000      19.000000     0.380000       
7.000000      20.000000     0.400000       
7.000000      21.000000     0.420000       
7.000000      22.000000     0.440000       
7.000000      23.000000     0.460000       
7.000000      24.000000     0.480000       
7.000000      25.000000     0.500000       
7.000000      26.000000     0.520000       
7.000000      27.000000     0.540000       
7.000000      28.000000     0.560000       
7.000000      29.000000     0.580000       
7.000000      30.000000     0.600000       
7.000000      31.000000     0.620000       
7.000000      32.000000     0.640000       
7.000000      33.000000     0.660000       
7.000000      34.000000     0.680000       
7.000000      35.000000     0.700000       
7.000000      36.000000     0.720000       
7.000000      37.000000     0.740000       
7.000000      38.000000     0.760000       
7.000000      39.000000     0.780000       
7.000000      40.000000     0.800000       
8.000000      0.000000      0.000000       
8.000000      1.000000      0.020000       
8.000000      2.000000      0.040000       
8.000000      3.000000      0.060000       
8.000000      4.000000      0.080000       
8.000000      5.000000      0.100000       
8.000000      6.000000      0.120000       
8.000000      7.000000      0.140000       
8.000000      8.000000      0.160000       
8.000000      9.000000      0.180000       
8.000000      10.000000     0.200000       
8.000000      11.000000     0.220000       
8.000000      12.000000     0.240000       
8.000000      13.000000     0.260000       
8.000000      14.000000     0.280000       
8.000000      15.000000     0.300000       
8.000000      16.000000     0.320000       
8.000000      17.000000     0.340000       
8.000000      18.000000     0.360000       
8.000000      19.000000     0.380000       
8.000000      20.000000     0.400000       
8.000000      21.000000     0.420000       
8.000000      22.000000     0.440000       
8.000000      23.000000     0.460000       
8.000000      24.000000     0.480000       
8.000000      25.000000     0.500000       
8.000000      26.000000     0.520000       
8.000000      27.000000     0.540000       
8.000000      28.000000     0.560000       
8.000000      29.000000     0.580000       
8.000000      30.000000     0.600000       
8.000000      31.000000     0.620000       
8.000000      32.000000     0.640000       
8.000000      33.000000     0.660000       
8.000000      34.000000     0.680000       
8.000000      35.000000     0.700000       
8.000000      36.000000     0.720000       
8.000000      37.000000     0.740000       
8.000000      38.000000     0.760000       
8.000000      39.000000     0.780000       
8.000000      40.000000     0.800000       
9.000000      0.000000      0.000000       
9.000000      1.000000      0.020000       
9.000000      2.000000      0.040000       
9.000000      3.000000      0.060000       
9.000000      4.000000      0.080000       
9.000000      5.000000      0.100000       
9.000000      6.000000      0.120000       
9.000000      7.000000      0.140000       
9.000000      8.000000      0.160000       
9.000000      9.000000      0.180000       
9.000000      10.000000     0.200000       
9.000000      11.000000     0.220000       
9.000000      12.000000     0.240000       
9.000000      13.000000     0.260000       
9.000000      14.000000     0.280000       
9.000000      15.000000     0.300000       
9.000000      16.000000     0.320000       
9.000000      17.000000     0.340000       
9.000000      18.000000     0.360000       
9.000000      19.000000     0.380000       
9.000000      20.000000     0.400000       
9.000000      21.000000     0.420000       
9.000000      22.000000     0.440000       
9.000000      23.000000     0.460000       
9.000000      24.000000     0.480000       
9.000000      25.000000     0.500000       
9.000000      26.000000     0.520000       
9.000000      27.000000     0.540000       
9.000000      28.000000     0.560000       
9.000000      29.000000     0.580000       
9.000000      30.000000     0.600000       
9.000000      31.000000     0.620000       
9.000000      32.000000     0.640000       
9.000000      33.000000     0.660000       
9.000000      34.000000     0.680000       
9.000000      35.000000     0.700000       
9.000000      36.000000     0.720000       
9.000000      37.000000     0.740000       
9.000000      38.000000     0.760000       
9.000000      39.000000     0.780000       
9.000000      40.000000     0.800000       
10.000000     0.000000      0.000000       
10.000000     1.000000      0.020000       
10.000000     2.000000      0.040000       
10.000000     3.000000      0.060000       
10.000000     4.000000      0.080000       
10.000000     5.000000      0.100000       
10.000000     6.000000      0.120000       
10.000000     7.000000      0.140000       
10.000000     8.000000      0.160000       
10.000000     9.000000      0.180000       
10.000000     10.000000     0.200000       
10.000000     11.000000     0.220000       
10.000000     12.000000     0.240000       
10.000000     13.000000     0.260000       
10.000000     14.000000     0.280000       
10.000000     15.000000     0.300000       
10.000000     16.000000     0.320000       
10.000000     17.000000     0.340000       
10.000000     18.000000     0.360000       
10.000000     19.000000     0.380000       
10.000000     20.000000     0.400000       
10.000000     21.000000     0.420000       
10.000000     22.000000     0.440000       
10.000000     23.000000     0.460000       
10.000000     24.000000     0.480000       
10.000000     25.000000     0.500000       
10.000000     26.000000     0.520000       
10.000000     27.000000     0.540000       
10.000000     28.000000     0.560000       
10.000000     29.000000     0.580000       
10.000000     30.000000     0.600000       
10.000000     31.000000     0.620000       
10.000000     32.000000     0.640000       
10.000000     33.000000     0.660000       
10.000000     34.000000     0.680000       
10.000000     35.000000     0.700000       
10.000000     36.000000     0.720000       
10.000000     37.000000     0.740000       
10.000000     38.000000     0.760000       
10.000000     39.000000     0.780000       
10.000000     40.000000     0.800000       
11.000000     0.000000      0.000000       
11.000000     1.000000      0.020000       
11.000000     2.000000      0.040000       
11.000000     3.000000      0.060000       
11.000000     4.000000      0.080000       
11.000000     5.000000      0.100000       
11.000000     6.000000      0.120000       
11.000000     7.000000      0.140000       
11.000000     8.000000      0.160000       
11.000000     9.000000      0.180000       
11.000000     10.000000     0.200000       
11.000000     11.000000     0.220000       
11.000000     12.000000     0.240000       
11.000000     13.000000     0.260000       
11.000000     14.000000     0.280000       
11.000000     15.000000     0.300000       
11.000000     16.000000     0.320000       
11.000000     17.000000     0.340000       
11.000000     18.000000     0.360000       
11.000000     19.000000     0.380000       
11.000000     20.000000     0.400000       
11.000000     21.000000     0.420000       
11.000000     22.000000     0.440000       
11.000000     23.000000     0.460000       
11.000000     24.000000     0.480000       
11.000000     25.000000     0.500000       
11.000000     26.000000     0.520000       
11.000000     27.000000     0.540000       
11.000000     28.000000     0.560000       
11.000000     29.000000     0.580000       
11.000000     30.000000     0.600000       
11.000000     31.000000     0.620000       
11.000000     32.000000     0.640000       
11.000000     33.000000     0.660000       
11.000000     34.000000     0.680000       
11.000000     35.000000     0.700000       
11.000000     36.000000     0.720000       
11.000000     37.000000     0.740000       
11.000000     38.000000     0.760000       
11.000000     39.000000     0.780000       
11.000000     40.000000     0.800000       
12.000000     0.000000      0.000000       
12.000000     1.000000      0.020000       
12.000000     2.000000      0.040000       
12.000000     3.000000      0.060000       
12.000000     4.000000      0.080000       
12.000000     5.000000      0.100000       
12.000000     6.000000      0.120000       
12.000000     7.000000      0.140000       
12.000000     8.000000      0.160000       
12.000000     9.000000      0.180000       
12.000000     10.000000     0.200000       
12.000000     11.000000     0.220000       
12.000000     12.000000     0.240000       
12.000000     13.000000     0.260000       
12.000000     14.000000     0.280000       
12.000000     15.000000     0.300000       
12.000000     16.000000     0.320000       
12.000000     17.000000     0.340000       
12.000000     18.000000     0.360000       
12.000000     19.000000     0.380000       
12.000000     20.000000     0.400000       
12.000000     21.000000     0.420000       
12.000000     22.000000     0.440000       
12.000000     23.000000     0.460000       
12.000000     24.000000     0.480000       
12.000000     25.000000     0.500000       
12.000000     26.000000     0.520000       
12.000000     27.000000     0.540000       
12.000000     28.000000     0.560000       
12.000000     29.000000     0.580000       
12.000000     30.000000     0.600000       
12.000000     31.000000     0.620000       
12.000000     32.000000     0.640000       
12.000000     33.000000     0.660000       
12.000000     34.000000     0.680000       
12.000000     35.000000     0.700000       
12.000000     36.000000     0.720000       
12.000000     37.000000     0.740000       
12.000000     38.000000     0.760000       
12.000000     39.000000     0.780000       
12.000000     40.000000     0.800000       
13.000000     0.000000      0.000000       
13.000000     1.000000      0.020000       
13.000000     2.000000      0.040000       
13.000000     3.000000      0.060000       
13.000000     4.000000      0.080000       
13.000000     5.000000      0.100000       
13.000000     6.000000      0.120000       
13.000000     7.000000      0.140000       
13.000000     8.000000      0.160000       
13.000000     9.000000      0.180000       
13.000000     10.000000     0.200000       
13.000000     11.000000     0.220000       
13.000000     12.000000     0.240000       
13.000000     13.000000     0.260000       
13.000000     14.000000     0.280000       
13.000000     15.000000     0.300000       
13.000000     16.000000     0.320000       
13.000000     17.000000     0.340000       
13.000000     18.000000     0.360000       
13.000000     19.000000     0.380000       
13.000000     20.000000     0.400000       
13.000000     21.000000     0.420000       
13.000000     22.000000     0.440000       
13.000000     23.000000     0.460000       
13.000000     24.000000     0.480000       
13.000000     25.000000     0.500000       
13.000000     26.000000     0.520000       
13.000000     27.000000     0.540000       
13.000000     28.000000     0.560000       
13.000000     29.000000     0.580000       
13.000000     30.000000     0.600000       
13.000000     31.000000     0.620000       
13.000000     32.000000     0.640000       
13.000000     33.000000     0.660000       
13.000000     34.000000     0.680000       
13.000000     35.000000     0.700000       
13.000000     36.000000     0.720000       
13.000000     37.000000     0.740000       
13.000000     38.000000     0.760000       
13.000000     39.000000     0.780000       
13.000000     40.000000     0.800000       
14.000000     0.000000      0.000000       
14.000000     1.000000      0.020000       
14.000000     2.000000      0.040000       
14.000000     3.000000      0.060000       
14.000000     4.000000      0.080000       
14.000000     5.000000      0.100000       
14.000000     6.000000      0.120000       
14.000000     7.000000      0.140000       
14.000000     8.000000      0.160000       
14.000000     9.000000      0.180000       
14.000000     10.000000     0.200000       
14.000000     11.000000     0.220000       
14.000000     12.000000     0.240000       
14.000000     13.000000     0.260000       
14.000000     14.000000     0.280000       
14.000000     15.000000     0.300000       
14.000000     16.000000     0.320000       
14.000000     17.000000     0.340000       
14.000000     18.000000     0.360000       
14.000000     19.000000     0.380000       
14.000000     20.000000     0.400000       
14.000000     21.000000     0.420000       
14.000000     22.000000     0.440000       
14.000000     23.000000     0.460000       
14.000000     24.000000     0.480000       
14.000000     25.000000     0.500000       
14.000000     26.000000     0.520000       
14.000000     27.000000     0.540000       
14.000000     28.000000     0.560000       
14.000000     29.000000     0.580000       
14.000000     30.000000     0.600000       
14.000000     31.000000     0.620000       
14.000000     32.000000     0.640000       
14.000000     33.000000     0.660000       
14.000000     34.000000     0.680000       
14.000000     35.000000     0.700000       
14.000000     36.000000     0.720000       
14.000000     37.000000     0.740000       
14.000000     38.000000     0.760000       
14.000000     39.000000     0.780000       
14.000000     40.000000     0.800000       
15.000000     0.000000      0.000000       
15.000000     1.000000      0.020000       
15.000000     2.000000      0.040000       
15.000000     3.000000      0.060000       
15.000000     4.000000      0.080000       
15.000000     5.000000      0.100000       
15.000000     6.000000      0.120000       
15.000000     7.000000      0.140000       
15.000000     8.000000      0.160000       
15.000000     9.000000      0.180000       
15.000000     10.000000     0.200000       
15.000000     11.000000     0.220000       
15.000000     12.000000     0.240000       
15.000000     13.000000     0.260000       
15.000000     14.000000     0.280000       
15.000000     15.000000     0.300000       
15.000000     16.000000     0.320000       
15.000000     17.000000     0.340000       
15.000000     18.000000     0.360000       
15.000000     19.000000     0.380000       
15.000000     20.000000     0.400000       
15.000000     21.000000     0.420000       
15.000000     22.000000     0.440000       
15.000000     23.000000     0.460000       
15.000000     24.000000     0.480000       
15.000000     25.000000     0.500000       
15.000000     26.000000     0.520000       
15.000000     27.000000     0.540000       
15.000000     28.000000     0.560000       
15.000000     29.000000     0.580000       
15.000000     30.000000     0.600000       
15.000000     31.000000     0.620000       
15.000000     32.000000     0.640000       
15.000000     33.000000     0.660000       
15.000000     34.000000     0.680000       
15.000000     35.000000     0.700000       
15.000000     36.000000     0.720000       
15.000000     37.000000     0.740000       
15.000000     38.000000     0.760000       
15.000000     39.000000     0.780000       
15.000000     40.000000     0.800000       
16.000000     0.000000      0.000000       
16.000000     1.000000      0.020000       
16.000000     2.000000      0.040000       
16.000000     3.000000      0.060000       
16.000000     4.000000      0.080000       
16.000000     5.000000      0.100000       
16.000000     6.000000      0.120000       
16.000000     7.000000      0.140000       
16.000000     8.000000      0.160000       
16.000000     9.000000      0.180000       
16.000000     10.000000     0.200000       
16.000000     11.000000     0.220000       
16.000000     12.000000     0.240000       
16.000000     13.000000     0.260000       
16.000000     14.000000     0.280000       
16.000000     15.000000     0.300000       
16.000000     16.000000     0.320000       
16.000000     17.000000     0.340000       
16.000000     18.000000     0.360000       
16.000000     19.000000     0.380000       
16.000000     20.000000     0.400000       
16.000000     21.000000     0.420000       
16.000000     22.000000     0.440000       
16.000000     23.000000     0.460000       
16.000000     24.000000     0.480000       
16.000000     25.000000     0.500000       
16.000000     26.000000     0.520000       
16.000000     27.000000     0.540000       
16.000000     28.000000     0.560000       
16.000000     29.000000     0.580000       
16.000000     30.000000     0.600000       
16.000000     31.000000     0.620000       
16.000000     32.000000     0.640000       
16.000000     33.000000     0.660000       
16.000000     34.000000     0.680000       
16.000000     35.000000     0.700000       
16.000000     36.000000     0.720000       
16.000000     37.000000     0.740000       
16.000000     38.000000     0.760000       
16.000000     39.000000     0.780000       
16.000000     40.000000     0.800000       
17.000000     0.000000      0.000000       
17.000000     1.000000      0.020000       
17.000000     2.000000      0.040000       
17.000000     3.000000      0.060000       
17.000000     4.000000      0.080000       
17.000000     5.000000      0.100000       
17.000000     6.000000      0.120000       
17.000000     7.000000      0.140000       
17.000000     8.000000      0.160000       
17.000000     9.000000      0.180000       
17.000000     10.000000     0.200000       
17.000000     11.000000     0.220000       
17.000000     12.000000     0.240000       
17.000000     13.000000     0.260000       
17.000000     14.000000     0.280000       
17.000000     15.000000     0.300000       
17.000000     16.000000     0.320000       
17.000000     17.000000     0.340000       
17.000000     18.000000     0.360000       
17.000000     19.000000     0.380000       
17.000000     20.000000     0.400000       
17.000000     21.000000     0.420000       
17.000000     22.000000     0.440000       
17.000000     23.000000     0.460000       
17.000000     24.000000     0.480000       
17.000000     25.000000     0.500000       
17.000000     26.000000     0.520000       
17.000000     27.000000     0.540000       
17.000000     28.000000     0.560000       
17.000000     29.000000     0.580000       
17.000000     30.000000     0.600000       
17.000000     31.000000     0.620000       
17.000000     32.000000     0.640000       
17.000000     33.000000     0.660000       
17.000000     34.000000     0.680000       
17.000000     35.000000     0.700000       
17.000000     36.000000     0.720000       
17.000000     37.000000     0.740000       
17.000000     38.000000     0.760000       
17.000000     39.000000     0.780000       
17.000000     40.000000     0.800000       
18.000000     0.000000      0.000000       
18.000000     1.000000      0.020000       
18.000000     2.000000      0.040000       
18.000000     3.000000      0.060000       
18.000000     4.000000      0.080000       
18.000000     5.000000      0.100000       
18.000000     6.000000      0.120000       
18.000000     7.000000      0.140000       
18.000000     8.000000      0.160000       
18.000000     9.000000      0.180000       
18.000000     10.000000     0.200000       
18.000000     11.000000     0.220000       
18.000000     12.000000     0.240000       
18.000000     13.000000     0.260000       
18.000000     14.000000     0.280000       
18.000000     15.000000     0.300000       
18.000000     16.000000     0.320000       
18.000000     17.000000     0.340000       
18.000000     18.000000     0.360000       
18.000000     19.000000     0.380000       
18.000000     20.000000     0.400000       
18.000000     21.000000     0.420000       
18.000000     22.000000     0.440000       
18.000000     23.000000     0.460000       
18.000000     24.000000     0.480000       
18.000000     25.000000     0.500000       
18.000000     26.000000     0.520000       
18.000000     27.000000     0.540000       
18.000000     28.000000     0.560000       
18.000000     29.000000     0.580000       
18.000000     30.000000     0.600000       
18.000000     31.000000     0.620000       
18.000000     32.000000     0.640000       
18.000000     33.000000     0.660000       
18.000000     34.000000     0.680000       
18.000000     35.000000     0.700000       
18.000000     36.000000     0.720000       
18.000000     37.000000     0.740000       
18.000000     38.000000     0.760000       
18.000000     39.000000     0.780000       
18.000000     40.000000     0.800000       
19.000000     0.000000      0.000000       
19.000000     1.000000      0.020000       
19.000000     2.000000      0.040000       
19.000000     3.000000      0.060000       
19.000000     4.000000      0.080000       
19.000000     5.000000      0.100000       
19.000000     6.000000      0.120000       
19.000000     7.000000      0.140000       
19.000000     8.000000      0.160000       
19.000000     9.000000      0.180000       
19.000000     10.000000     0.200000       
19.000000     11.000000     0.220000       
19.000000     12.000000     0.240000       
19.000000     13.000000     0.260000       
19.000000     14.000000     0.280000       
19.000000     15.000000     0.300000       
19.000000     16.000000     0.320000       
19.000000     17.000000     0.340000       
19.000000     18.000000     0.360000       
19.000000     19.000000     0.380000       
19.000000     20.000000     0.400000       
19.000000     21.000000     0.420000       
19.000000     22.000000     0.440000       
19.000000     23.000000     0.460000       
19.000000     24.000000     0.480000       
19.000000     25.000000     0.500000       
19.000000     26.000000     0.520000       
19.000000     27.000000     0.540000       
19.000000     28.000000     0.560000       
19.000000     29.000000     0.580000       
19.000000     30.000000     0.600000       
19.000000     31.000000     0.620000       
19.000000     32.000000     0.640000       
19.000000     33.000000     0.660000       
19.000000     34.000000     0.680000       
19.000000     35.000000     0.700000       
19.000000     36.000000     0.720000       
19.000000     37.000000     0.740000       
19.000000     38.000000     0.760000       
19.000000     39.000000     0.780000       
19.000000     40.000000     0.800000       
20.000000     0.000000      0.000000       
20.000000     1.000000      0.020000       
20.000000     2.000000      0.040000       
20.000000     3.000000      0.060000       
20.000000     4.000000      0.080000       
20.000000     5.000000      0.100000       
20.000000     6.000000      0.120000       
20.000000     7.000000      0.140000       
20.000000     8.000000      0.160000       
20.000000     9.000000      0.180000       
20.000000     10.000000     0.200000       
20.000000     11.000000     0.220000       
20.000000     12.000000     0.240000       
20.000000     13.000000     0.260000       
20.000000     14.000000     0.280000       
20.000000     15.000000     0.300000       
20.000000     16.000000     0.320000       
20.000000     17.000000     0.340000       
20.000000     18.000000     0.360000       
20.000000     19.000000     0.380000       
20.000000     20.000000     0.400000       
20.000000     21.000000     0.420000       
20.000000     22.000000     0.440000       
20.000000     23.000000     0.460000       
20.000000     24.000000     0.480000       
20.000000     25.000000     0.500000       
20.000000     26.000000     0.520000       
20.000000     27.000000     0.540000       
20.000000     28.000000     0.560000       
20.000000     29.000000     0.580000       
20.000000     30.000000     0.600000       
20.000000     31.000000     0.620000       
20.000000     32.000000     0.640000       
20.000000     33.000000     0.660000       
20.000000     34.000000     0.680000       
20.000000     35.000000     0.700000       
20.000000     36.000000     0.720000       
20.000000     37.000000     0.740000       
20.000000     38.000000     0.760000       
20.000000     39.000000     0.780000       
20.000000     40.000000     0.800000       
